0
0
0
0
17
1
1
1
1
1
1
1
1
1
1
1
1
1
1
1
0
0
0
0
17
1
1
1
1
1
1
1
1
1
1
1
1
6
2
2
0
0
0
0
17
1
1
1
1
1
1
1
1
1
1
1
1
3
1
1
0
0
0
0
8
1
1
1
1
1
1
1
1
1
1
1
1
3
1
1
0
0
0
8
1
1
1
1
6
2
2
2
2
2
4
1
1
3
1
1
0
0
8
1
1
1
1
1
3
1
1
1
1
1
3
1
1
3
1
1
19
8
1
1
1
1
1
1
3
1
1
1
1
1
3
1
1
3
1
1
1
1
1
1
1
1
1
1
3
1
1
1
1
1
3
1
1
3
1
1
1
6
2
2
2
2
2
2
7
1
1
1
1
1
3
1
1
3
1
1
1
3
1
1
1
1
1
1
1
1
1
1
1
1
3
1
1
3
1
1
1
3
1
1
1
1
1
1
1
1
1
22
1
1
3
1
1
3
1
1
1
3
1
1
1
1
10
16
16
11
1
1
1
1
3
1
1
3
1
1
1
3
1
1
10
16
0
0
0
0
16
11
1
1
3
1
1
3
1
1
12
3
13
20
19
0
0
0
0
0
0
0
20
12
3
13
12
3
13
20
1
3
1
1
1
18
0
0
0
0
0
17
1
1
5
2
2
7
1
1
1
3
1
1
1
9
19
19
0
0
0
0
11
1
1
1
1
1
1
1
1
3
1
1
1
1
1
1
9
0
0
0
17
1
1
1
1
1
1
1
2
7
1
1
1
1
1
1
1
9
19
19
8
1
1
1
1
1
1
1
1
1
1
1
1
1
1
1
1
1
1
1
1
1
1
1
1
1
1
1
1
1
1
1
1
1
1
1
1
1
1
1
1
1
1
1
1
1
1
1
0
17
19
1
